63895
27634
23302
5861
23392
39219
41828
20822
32105
10433
1282
14799
42047
47944
33866
99
37781
32879
48172
17560
27961
26797
30276
637
1702
19097
12506
53194
51176
1506
41705
39195
18555
31481
53370
22242
8907
30200
34284
57636
27245
4472
34424
65292
62728
17229
33996
36330
12203
9610
13015
34994
37691
37445
41894
24479
20409
1094
40481
23976
26852
39572
52558
24849
1126
5364
22890
25572
60236
41955
30
53973
27535
15351
18545
31507
39944
35567
46114
35910
6797
49228
35636
20875
23142
42090
64143
34040
32300
19474
7025
35671
5218
27442
10660
11134
18294
31947
47592
3168
41217
51122
25456
10408
12997
39999
46696
38137
12074
59009
59672
12445
60375
34630
46317
50766
15701
33928
63373
36207
44766
31701
53593
4726
32681
20299
56800
8457
35780
33814
27290
4650
29547
30757
6293
46759
56874
30826
27959
14442
40907
57731
32935
40480
41407
7827
11428
57991
44407
23924
2081
46532
51215
49267
47566
20828
36740
19748
4476
14739
39392
45327
11457
11957
61836
37133
10791
59649
31666
39638
34399
57385
21
8692
54245
22182
8717
7756
42621
3808
27046
56065
5098
32625
24474
15507
20975
31256
10262
62860
45538
6483
15432
17799
27461
24661
15102
30562
27730
25459
61930
34142
20558
35217
64860
23719
60138
42066
49172
47606
50597
17127
10690
38546
58058
60556
17964
27727
63695
27252
61878
4270
46036
9986
14310
42710
59580
127
50703
52821
49533
63909
52654
9607
62385
37145
36724
55953
60604
31799
18353
2295
24800
12234
8013
13480
57366
21674
14205
18916
31555
44276
37580
7135
20950
23283
2437
42702
14968
8974
15065
7517
64498
32912
29925
35251
34229
63447
23821
3872
52281
23031
3391
28680
54286
62497
51970
45943
47804
21182
12177
45927
19622
8926
56999
6263
51097
18238
59472
11689
37006
48773
58205
59215
56461
63708
15930
5974
1881
37374
21771
49031
45567
37987
33431
43941
57020
55466
42862
27257
25199
19457
58602
37239
60587
55094
31064
11163
2662
55515
36171
50435
19168
7503
12447
45678
44642
37448
60886
49701
53683
40548
64740
15124
41818
43810
53507
64385
36773
38413
10383
15100
57806
4044
59334
16106
64031
31427
28815
36630
65156
20934
16327
33731
56106
6145
54459
33146
65384
2051
5914
50248
61243
18178
62454
9346
58923
3409
63550
61176
48454
41886
36971
29113
38290
4224
58969
45447
29367
2319
18800
21287
43432
64547
42727
56083
29704
39071
61956
15814
63013
54807
58203
22413
57878
35446
11236
19528
41426
55588
62061
21118
35680
3871
6311
55651
16567
46439
38406
58289
40922
5741
881
29011
57945
5727
57359
50258
1284
59097
57117
37450
50260
51141
48538
61337
22367
3717
21997
7151
15641
5255
23830
48662
32133
23938
61735
32312
32164
17811
49560
65308
12395
18168
36914
45114
64606
30801
23141
53249
924
15698
16
47026
46737
24299
25403
29982
18291
23455
1352
4705
63774
57028
10011
17599
38563
62634
37796
41622
3158
60356
64640
51328
65426
28306
16472
55398
61991
29021
63305
38331
33102
10208
13420
45424
24838
37987
55752
518
823
350
1662
53564
18750
6946
50104
50411
1421
36399
60488
25739
32138
21319
31498
52298
2181
55790
42343
47645
35638
24468
61389
1314
3749
10957
23131
31697
26895
29030
51616
40619
44647
9226
27588
15141
26618
5255
25206
23018
56963
13087
55110
37991
47849
24026
36763
52299
1878
16522
26777
33846
65417
32730
65331
6102
60219
13082
26303
43792
27626
494
48569
32773
42715
62234
52820
8984
43240
39451
44076
28261
25025
16575
29557
15441
60462
29326
19688
61040
18105
57270
38591
60391
38918
30468
21092
25697
717
20418
37452
64352
33371
8218
51288
18144
22742
34999
17606
3259
1944
5353
34037
61383
20227
63054
51691
22738
14675
58788
52529
11375
6863
16020
57618
42395
52196
5117
48234
4655
14140
13304
7071
21001
57692
39051
3273
49162
75
45628
36463
32176
29570
5764
21289
8888
50707
3016
19093
17008
59835
63864
40574
33916
35058
6939
21268
44736
23315
51941
45037
44668
30621
623
7774
44913
6084
10187
44570
42375
55083
8636
62389
24552
22763
57508
19291
39045
13397
53668
40403
18488
24667
63581
54227
27384
40060
23
64873
59549
58794
26935
32168
25159
9280
57753
65353
37427
26863
53422
41686
57539
12461
34942
23404
62707
59090
26059
16720
50587
53064
22941
19218
64343
29922
59261
15215
64806
59539
1070
5548
33826
32844
33509
22504
2373
16317
55525
60764
19247
50284
2994
60863
52677
408
6790
5424
55892
37340
17128
32250
47348
7195
10349
46178
43942
43497
21185
14853
29915
46834
12767
2895
48823
50583
6274
39682
43474
60664
30474
63463
49820
55973
20322
48005
65374
21903
64271
55486
40656
21562
12791
6770
29835
1071
61587
59157
38206
49174
45489
51956
23858
25525
6279
4466
28692
58506
63067
56017
52707
47668
49471
14756
11805
52874
29112
58758
1117
12632
4631
31312
26820
10900
30115
24561
26315
63142
54804
49496
16141
9803
58707
9603
2108
26143
1631
40381
59663
11250
19618
13613
15609
14611
60294
39127
14285
1079
25216
22912
44481
25127
51926
54261
11637
19957
48617
44235
34055
38634
47931
60619
35428
50893
20239
34586
50610
34410
27522
23612
41840
37586
138
26981
38674
25512
23017
40034
5718
36006
48825
58964
21996
47594
15177
25577
63841
43700
1467
24170
34532
30775
5728
11803
62347
45424
148
41597
23210
49289
58862
6199
17088
48590
13928
13497
20635
20093
27321
54759
5636
44624
48374
60855
43218
14481
13486
8182
51602
5211
59806
16454
49875
26152
53412
35232
33618
8896
33971
13316
14916
21497
30340
6667
26143
405
38109
29657
36705
42912
35290
24791
4816
2781
62146
31474
27949
41560
48395
64966
30193
46744
63313
65504
11134
47677
44472
48369
61859
26667
49480
15063
65376
32906
24332
31240
51987
57929
49389
35158
26759
33446
3322
63127
25465
57804
29442
16029
52912
785
29099
45123
11414
17184
30315
9659
60986
15976
48284
36226
30998
8492
29209
22312
42832
28707
10551
59463
16731
36846
37675
35107
65396
61887
22747
6034
46485
61470
50517
61265
43319
40560
21155
6636
65053
23707
10751
4952
12923
7319
20834
27710
56192
23923
48311
52588
3463
52629
22175
27015
61378
57293
34260
43278
1477
60345
53136
51544
23198
27902
13943
